3.000000000000000000e+01 6.000000000000000000e+01
6.000000000000000000e+01 9.000000000000000000e+01
9.000000000000000000e+01 1.200000000000000000e+02
1.200000000000000000e+02 1.400000000000000000e+02
1.650000000000000000e+02 1.700000000000000000e+02
2.000000000000000000e+02 2.100000000000000000e+02
2.100000000000000000e+02 2.200000000000000000e+02
2.500000000000000000e+02 2.600000000000000000e+02
3.300000000000000000e+02 3.350000000000000000e+02
3.600000000000000000e+02 3.700000000000000000e+02
