2.330000000000000000e+02
2.860000000000000000e+02
2.290000000000000000e+02
2.500000000000000000e+02
2.040000000000000000e+02
2.360000000000000000e+02
2.680000000000000000e+02
3.540000000000000000e+02
2.540000000000000000e+02
2.030000000000000000e+02
1.920000000000000000e+02
2.940000000000000000e+02
2.560000000000000000e+02
2.630000000000000000e+02
1.990000000000000000e+02
1.680000000000000000e+02
2.290000000000000000e+02
2.390000000000000000e+02
2.750000000000000000e+02
2.660000000000000000e+02
2.110000000000000000e+02
2.830000000000000000e+02
2.840000000000000000e+02
2.240000000000000000e+02
2.060000000000000000e+02
2.190000000000000000e+02
3.400000000000000000e+02
2.260000000000000000e+02
2.470000000000000000e+02
1.670000000000000000e+02
