2.880000000000000000e+02
2.050000000000000000e+02
3.090000000000000000e+02
2.400000000000000000e+02
2.430000000000000000e+02
2.890000000000000000e+02
2.500000000000000000e+02
3.080000000000000000e+02
3.180000000000000000e+02
2.980000000000000000e+02
2.650000000000000000e+02
5.640000000000000000e+02
2.890000000000000000e+02
2.460000000000000000e+02
3.220000000000000000e+02
2.990000000000000000e+02
3.000000000000000000e+02
2.930000000000000000e+02
2.770000000000000000e+02
1.970000000000000000e+02
3.040000000000000000e+02
2.140000000000000000e+02
2.480000000000000000e+02
2.550000000000000000e+02
2.070000000000000000e+02
2.880000000000000000e+02
2.820000000000000000e+02
1.600000000000000000e+02
2.690000000000000000e+02
2.260000000000000000e+02
