3.020000000000000000e+02
1.640000000000000000e+02
2.310000000000000000e+02
1.410000000000000000e+02
2.520000000000000000e+02
2.550000000000000000e+02
2.630000000000000000e+02
2.030000000000000000e+02
2.110000000000000000e+02
1.830000000000000000e+02
3.300000000000000000e+02
2.220000000000000000e+02
2.170000000000000000e+02
2.820000000000000000e+02
2.340000000000000000e+02
2.880000000000000000e+02
2.390000000000000000e+02
2.200000000000000000e+02
2.090000000000000000e+02
2.580000000000000000e+02
2.270000000000000000e+02
2.040000000000000000e+02
2.610000000000000000e+02
2.130000000000000000e+02
2.500000000000000000e+02
1.740000000000000000e+02
2.810000000000000000e+02
1.980000000000000000e+02
2.450000000000000000e+02
2.210000000000000000e+02
