1.230000000000000000e+02
1.080000000000000000e+02
1.180000000000000000e+02
1.120000000000000000e+02
1.520000000000000000e+02
1.100000000000000000e+02
1.120000000000000000e+02
1.360000000000000000e+02
1.800000000000000000e+02
1.180000000000000000e+02
1.200000000000000000e+02
1.600000000000000000e+02
1.220000000000000000e+02
1.300000000000000000e+02
1.200000000000000000e+02
1.340000000000000000e+02
1.200000000000000000e+02
1.100000000000000000e+02
1.260000000000000000e+02
1.300000000000000000e+02
1.340000000000000000e+02
1.200000000000000000e+02
1.200000000000000000e+02
1.000000000000000000e+02
1.100000000000000000e+02
1.250000000000000000e+02
1.280000000000000000e+02
1.100000000000000000e+02
1.460000000000000000e+02
1.280000000000000000e+02
