1.380000000000000000e+02
1.200000000000000000e+02
1.000000000000000000e+02
1.600000000000000000e+02
1.380000000000000000e+02
1.200000000000000000e+02
1.600000000000000000e+02
1.100000000000000000e+02
1.800000000000000000e+02
1.500000000000000000e+02
1.400000000000000000e+02
1.100000000000000000e+02
1.420000000000000000e+02
1.280000000000000000e+02
1.440000000000000000e+02
1.300000000000000000e+02
1.500000000000000000e+02
1.200000000000000000e+02
1.200000000000000000e+02
1.300000000000000000e+02
1.780000000000000000e+02
1.120000000000000000e+02
1.200000000000000000e+02
1.050000000000000000e+02
1.380000000000000000e+02
