1.400000000000000000e+02
1.170000000000000000e+02
1.400000000000000000e+02
1.350000000000000000e+02
1.300000000000000000e+02
1.400000000000000000e+02
1.200000000000000000e+02
1.500000000000000000e+02
1.320000000000000000e+02
1.500000000000000000e+02
1.500000000000000000e+02
1.550000000000000000e+02
1.250000000000000000e+02
1.200000000000000000e+02
1.100000000000000000e+02
1.100000000000000000e+02
1.600000000000000000e+02
1.250000000000000000e+02
1.400000000000000000e+02
1.300000000000000000e+02
1.500000000000000000e+02
1.040000000000000000e+02
1.300000000000000000e+02
1.400000000000000000e+02
1.800000000000000000e+02
1.200000000000000000e+02
1.400000000000000000e+02
1.380000000000000000e+02
1.380000000000000000e+02
1.300000000000000000e+02
