2.390000000000000000e+02
2.300000000000000000e+02
3.350000000000000000e+02
2.340000000000000000e+02
2.330000000000000000e+02
2.260000000000000000e+02
1.770000000000000000e+02
2.760000000000000000e+02
3.530000000000000000e+02
2.430000000000000000e+02
2.250000000000000000e+02
2.690000000000000000e+02
2.540000000000000000e+02
2.670000000000000000e+02
2.480000000000000000e+02
1.970000000000000000e+02
3.600000000000000000e+02
2.580000000000000000e+02
3.080000000000000000e+02
2.450000000000000000e+02
2.700000000000000000e+02
2.080000000000000000e+02
2.640000000000000000e+02
3.210000000000000000e+02
2.740000000000000000e+02
3.250000000000000000e+02
2.350000000000000000e+02
2.570000000000000000e+02
2.340000000000000000e+02
2.560000000000000000e+02
