1.450000000000000000e+02
1.600000000000000000e+02
1.200000000000000000e+02
1.300000000000000000e+02
1.300000000000000000e+02
1.200000000000000000e+02
1.400000000000000000e+02
1.200000000000000000e+02
1.300000000000000000e+02
1.400000000000000000e+02
1.400000000000000000e+02
1.400000000000000000e+02
1.300000000000000000e+02
1.200000000000000000e+02
1.720000000000000000e+02
1.500000000000000000e+02
1.100000000000000000e+02
1.400000000000000000e+02
1.300000000000000000e+02
1.300000000000000000e+02
1.100000000000000000e+02
1.500000000000000000e+02
1.200000000000000000e+02
1.320000000000000000e+02
1.300000000000000000e+02
1.200000000000000000e+02
1.200000000000000000e+02
1.500000000000000000e+02
1.500000000000000000e+02
1.100000000000000000e+02
