1.200000000000000000e+02
1.600000000000000000e+02
1.300000000000000000e+02
1.080000000000000000e+02
1.350000000000000000e+02
1.280000000000000000e+02
1.300000000000000000e+02
1.350000000000000000e+02
1.400000000000000000e+02
1.380000000000000000e+02
1.300000000000000000e+02
1.000000000000000000e+02
1.400000000000000000e+02
1.380000000000000000e+02
1.300000000000000000e+02
2.000000000000000000e+02
1.100000000000000000e+02
1.200000000000000000e+02
1.240000000000000000e+02
1.200000000000000000e+02
9.400000000000000000e+01
1.300000000000000000e+02
1.400000000000000000e+02
1.220000000000000000e+02
1.350000000000000000e+02
1.450000000000000000e+02
1.200000000000000000e+02
1.200000000000000000e+02
1.250000000000000000e+02
1.400000000000000000e+02
1.700000000000000000e+02
