1.740000000000000000e+02
1.400000000000000000e+02
1.450000000000000000e+02
1.520000000000000000e+02
1.080000000000000000e+02
1.320000000000000000e+02
1.300000000000000000e+02
1.300000000000000000e+02
1.240000000000000000e+02
1.340000000000000000e+02
1.480000000000000000e+02
1.780000000000000000e+02
1.580000000000000000e+02
1.400000000000000000e+02
1.200000000000000000e+02
1.600000000000000000e+02
1.920000000000000000e+02
1.400000000000000000e+02
1.290000000000000000e+02
1.400000000000000000e+02
1.380000000000000000e+02
