1.700000000000000000e+02
1.280000000000000000e+02
1.250000000000000000e+02
1.050000000000000000e+02
1.080000000000000000e+02
1.650000000000000000e+02
1.120000000000000000e+02
1.280000000000000000e+02
1.020000000000000000e+02
1.520000000000000000e+02
1.020000000000000000e+02
1.150000000000000000e+02
1.600000000000000000e+02
1.200000000000000000e+02
1.300000000000000000e+02
1.400000000000000000e+02
1.250000000000000000e+02
1.400000000000000000e+02
1.180000000000000000e+02
1.010000000000000000e+02
1.250000000000000000e+02
1.100000000000000000e+02
1.000000000000000000e+02
1.240000000000000000e+02
1.320000000000000000e+02
1.320000000000000000e+02
1.260000000000000000e+02
1.120000000000000000e+02
1.600000000000000000e+02
1.420000000000000000e+02
1.740000000000000000e+02
