1.340000000000000000e+02
1.700000000000000000e+02
1.460000000000000000e+02
1.380000000000000000e+02
1.540000000000000000e+02
1.300000000000000000e+02
1.100000000000000000e+02
1.300000000000000000e+02
1.280000000000000000e+02
1.220000000000000000e+02
1.480000000000000000e+02
1.140000000000000000e+02
1.700000000000000000e+02
1.300000000000000000e+02
1.200000000000000000e+02
1.520000000000000000e+02
1.320000000000000000e+02
1.200000000000000000e+02
1.400000000000000000e+02
1.240000000000000000e+02
1.200000000000000000e+02
1.640000000000000000e+02
1.400000000000000000e+02
1.100000000000000000e+02
1.440000000000000000e+02
1.300000000000000000e+02
1.300000000000000000e+02
1.640000000000000000e+02
1.400000000000000000e+02
1.100000000000000000e+02
1.440000000000000000e+02
