2.040000000000000000e+02
2.270000000000000000e+02
2.780000000000000000e+02
2.200000000000000000e+02
2.320000000000000000e+02
1.970000000000000000e+02
3.350000000000000000e+02
2.530000000000000000e+02
2.050000000000000000e+02
1.920000000000000000e+02
2.030000000000000000e+02
3.180000000000000000e+02
2.250000000000000000e+02
2.210000000000000000e+02
2.400000000000000000e+02
2.120000000000000000e+02
3.420000000000000000e+02
1.690000000000000000e+02
1.870000000000000000e+02
1.970000000000000000e+02
1.570000000000000000e+02
1.760000000000000000e+02
2.410000000000000000e+02
2.640000000000000000e+02
1.930000000000000000e+02
1.310000000000000000e+02
2.360000000000000000e+02
1.760000000000000000e+02
2.410000000000000000e+02
2.640000000000000000e+02
1.930000000000000000e+02
