2.490000000000000000e+02
3.940000000000000000e+02
2.120000000000000000e+02
2.740000000000000000e+02
2.330000000000000000e+02
1.840000000000000000e+02
3.150000000000000000e+02
2.460000000000000000e+02
2.740000000000000000e+02
4.090000000000000000e+02
2.440000000000000000e+02
2.700000000000000000e+02
3.050000000000000000e+02
1.950000000000000000e+02
2.400000000000000000e+02
2.460000000000000000e+02
2.830000000000000000e+02
2.540000000000000000e+02
1.960000000000000000e+02
2.980000000000000000e+02
2.940000000000000000e+02
