2.820000000000000000e+02
2.690000000000000000e+02
2.100000000000000000e+02
2.040000000000000000e+02
2.770000000000000000e+02
2.060000000000000000e+02
2.120000000000000000e+02
1.960000000000000000e+02
3.270000000000000000e+02
1.490000000000000000e+02
2.690000000000000000e+02
2.010000000000000000e+02
2.860000000000000000e+02
2.830000000000000000e+02
2.490000000000000000e+02
2.710000000000000000e+02
2.950000000000000000e+02
2.350000000000000000e+02
3.060000000000000000e+02
2.690000000000000000e+02
2.340000000000000000e+02
1.780000000000000000e+02
2.370000000000000000e+02
2.340000000000000000e+02
2.750000000000000000e+02
2.120000000000000000e+02
2.080000000000000000e+02
2.010000000000000000e+02
2.180000000000000000e+02
2.630000000000000000e+02
2.950000000000000000e+02
