4.170000000000000000e+02
1.970000000000000000e+02
1.980000000000000000e+02
1.770000000000000000e+02
2.900000000000000000e+02
2.190000000000000000e+02
2.530000000000000000e+02
2.660000000000000000e+02
2.330000000000000000e+02
1.720000000000000000e+02
2.730000000000000000e+02
2.130000000000000000e+02
3.050000000000000000e+02
1.770000000000000000e+02
2.160000000000000000e+02
3.040000000000000000e+02
1.880000000000000000e+02
2.820000000000000000e+02
1.850000000000000000e+02
2.320000000000000000e+02
3.260000000000000000e+02
2.310000000000000000e+02
2.390000000000000000e+02
2.580000000000000000e+02
2.010000000000000000e+02
2.220000000000000000e+02
2.600000000000000000e+02
1.820000000000000000e+02
3.030000000000000000e+02
2.650000000000000000e+02
1.880000000000000000e+02
3.090000000000000000e+02
1.770000000000000000e+02
2.290000000000000000e+02
2.600000000000000000e+02
2.190000000000000000e+02
3.070000000000000000e+02
2.490000000000000000e+02
1.860000000000000000e+02
3.410000000000000000e+02
2.540000000000000000e+02
2.560000000000000000e+02
4.070000000000000000e+02
