2.940000000000000000e+02
2.110000000000000000e+02
2.990000000000000000e+02
2.340000000000000000e+02
2.360000000000000000e+02
2.440000000000000000e+02
2.730000000000000000e+02
2.540000000000000000e+02
3.250000000000000000e+02
1.260000000000000000e+02
3.130000000000000000e+02
2.110000000000000000e+02
3.090000000000000000e+02
2.590000000000000000e+02
2.000000000000000000e+02
2.620000000000000000e+02
2.440000000000000000e+02
2.150000000000000000e+02
2.310000000000000000e+02
2.140000000000000000e+02
2.280000000000000000e+02
2.300000000000000000e+02
1.930000000000000000e+02
2.040000000000000000e+02
2.430000000000000000e+02
3.030000000000000000e+02
